Projected Density of States Data
==================================================
Fermi Energy: 3.257754 eV
Orbitals: s, py, pz, px, dxy, dyz, dz2, dxz, x2-y2, fy3x2, fxyz, fyz2, fz3, fxz2, fzx2, fx3

Energy (eV)    Energy-EF (eV)    s               py              pz              px              dxy             dyz             dz2             dxz             x2-y2           fy3x2           fxyz            fyz2            fz3             fxz2            fzx2            fx3         
---------------------------------------------------------------------------------------------------------------------------------------------------------------------------------------------------------------------------------------------------------------------------------------------
 -132.938100     -136.195854        0.000000        0.000000        0.000000        0.000000        0.000000        0.000000        0.000000        0.000000        0.000000        0.000000        0.000000        0.000000        0.000000        0.000000        0.000000        0.000000    
 -132.439700     -135.697454        0.000000        0.000000        0.000000        0.000000        0.000000        0.000000        0.000000        0.000000        0.000000        0.000000        0.000000        0.000000        0.000000        0.000000        0.000000        0.000000    
 -131.941200     -135.198954        0.000000        0.000000        0.000000        0.000000        0.000000        0.000000        0.000000        0.000000        0.000000        0.000000        0.000000        0.000000        0.000000        0.000000        0.000000        0.000000    
 -131.442800     -134.700554        0.000000        0.000000        0.000000        0.000000        0.000000        0.000000        0.000000        0.000000        0.000000        0.000000        0.000000        0.000000        0.000000        0.000000        0.000000        0.000000    
 -130.944400     -134.202154        0.000000        0.000000        0.000000        0.000000        0.000000        0.000000        0.000000        0.000000        0.000000        0.000000        0.000000        0.000000        0.000000        0.000000        0.000000        0.000000    
 -130.445900     -133.703654        0.000000        0.000000        0.000000        0.000000        0.000000        0.000000        0.000000        0.000000        0.000000        0.000000        0.000000        0.000000        0.000000        0.000000        0.000000        0.000000    
 -129.947500     -133.205254        0.000000        0.000000        0.000000        0.000000        0.000000        0.000000        0.000000        0.000000        0.000000        0.000000        0.000000        0.000000        0.000000        0.000000        0.000000        0.000000    
 -129.449100     -132.706854        0.000000        0.000000        0.000000        0.000000        0.000000        0.000000        0.000000        0.000000        0.000000        0.000000        0.000000        0.000000        0.000000        0.000000        0.000000        0.000000    
 -128.950700     -132.208454        0.000000        0.000000        0.000000        0.000000        0.000000        0.000000        0.000000        0.000000        0.000000        0.000000        0.000000        0.000000        0.000000        0.000000        0.000000        0.000000    
 -128.452200     -131.709954        0.000000        0.000000        0.000000        0.000000        0.000000        0.000000        0.000000        0.000000        0.000000        0.000000        0.000000        0.000000        0.000000        0.000000        0.000000        0.000000    
 -127.953800     -131.211554        0.000000        0.000000        0.000000        0.000000        0.000000        0.000000        0.000000        0.000000        0.000000        0.000000        0.000000        0.000000        0.000000        0.000000        0.000000        0.000000    
 -127.455400     -130.713154        0.000000        0.000000        0.000000        0.000000        0.000000        0.000000        0.000000        0.000000        0.000000        0.000000        0.000000        0.000000        0.000000        0.000000        0.000000        0.000000    
 -126.956900     -130.214654        0.000000        0.000000        0.000000        0.000000        0.000000        0.000000        0.000000        0.000000        0.000000        0.000000        0.000000        0.000000        0.000000        0.000000        0.000000        0.000000    
 -126.458500     -129.716254        0.000000        0.000000        0.000000        0.000000        0.000000        0.000000        0.000000        0.000000        0.000000        0.000000        0.000000        0.000000        0.000000        0.000000        0.000000        0.000000    
 -125.960100     -129.217854       16.081600        0.000000        0.000200        0.000000        0.000000        0.000000        0.000000        0.000000        0.000000        0.000000        0.000000        0.000000        0.000000        0.000000        0.000000        0.000000    
 -125.461700     -128.719454        0.000000        0.000000        0.000000        0.000000        0.000000        0.000000        0.000000        0.000000        0.000000        0.000000        0.000000        0.000000        0.000000        0.000000        0.000000        0.000000    
 -124.963200     -128.220954        0.000000        0.000000        0.000000        0.000000        0.000000        0.000000        0.000000        0.000000        0.000000        0.000000        0.000000        0.000000        0.000000        0.000000        0.000000        0.000000    
 -124.464800     -127.722554        0.000000        0.000000        0.000000        0.000000        0.000000        0.000000        0.000000        0.000000        0.000000        0.000000        0.000000        0.000000        0.000000        0.000000        0.000000        0.000000    
 -123.966400     -127.224154        0.000000        0.000000        0.000000        0.000000        0.000000        0.000000        0.000000        0.000000        0.000000        0.000000        0.000000        0.000000        0.000000        0.000000        0.000000        0.000000    
 -123.467900     -126.725654        0.000000        0.000000        0.000000        0.000000        0.000000        0.000000        0.000000        0.000000        0.000000        0.000000        0.000000        0.000000        0.000000        0.000000        0.000000        0.000000    
 -122.969500     -126.227254        0.000000        0.000000        0.000000        0.000000        0.000000        0.000000        0.000000        0.000000        0.000000        0.000000        0.000000        0.000000        0.000000        0.000000        0.000000        0.000000    
 -122.471100     -125.728854        0.000000        0.000000        0.000000        0.000000        0.000000        0.000000        0.000000        0.000000        0.000000        0.000000        0.000000        0.000000        0.000000        0.000000        0.000000        0.000000    
 -121.972600     -125.230354        0.000000        0.000000        0.000000        0.000000        0.000000        0.000000        0.000000        0.000000        0.000000        0.000000        0.000000        0.000000        0.000000        0.000000        0.000000        0.000000    
 -121.474200     -124.731954        0.000000        0.000000        0.000000        0.000000        0.000000        0.000000        0.000000        0.000000        0.000000        0.000000        0.000000        0.000000        0.000000        0.000000        0.000000        0.000000    
 -120.975800     -124.233554        0.000000        0.000000        0.000000        0.000000        0.000000        0.000000        0.000000        0.000000        0.000000        0.000000        0.000000        0.000000        0.000000        0.000000        0.000000        0.000000    
 -120.477400     -123.735154        0.000000        0.000000        0.000000        0.000000        0.000000        0.000000        0.000000        0.000000        0.000000        0.000000        0.000000        0.000000        0.000000        0.000000        0.000000        0.000000    
 -119.978900     -123.236654        0.000000        0.000000        0.000000        0.000000        0.000000        0.000000        0.000000        0.000000        0.000000        0.000000        0.000000        0.000000        0.000000        0.000000        0.000000        0.000000    
 -119.480500     -122.738254        0.000000        0.000000        0.000000        0.000000        0.000000        0.000000        0.000000        0.000000        0.000000        0.000000        0.000000        0.000000        0.000000        0.000000        0.000000        0.000000    
 -118.982100     -122.239854        0.000000        0.000000        0.000000        0.000000        0.000000        0.000000        0.000000        0.000000        0.000000        0.000000        0.000000        0.000000        0.000000        0.000000        0.000000        0.000000    
 -118.483600     -121.741354        0.000000        0.000000        0.000000        0.000000        0.000000        0.000000        0.000000        0.000000        0.000000        0.000000        0.000000        0.000000        0.000000        0.000000        0.000000        0.000000    
 -117.985200     -121.242954        0.000000        0.000000        0.000000        0.000000        0.000000        0.000000        0.000000        0.000000        0.000000        0.000000        0.000000        0.000000        0.000000        0.000000        0.000000        0.000000    
 -117.486800     -120.744554        0.000000        0.000000        0.000000        0.000000        0.000000        0.000000        0.000000        0.000000        0.000000        0.000000        0.000000        0.000000        0.000000        0.000000        0.000000        0.000000    
 -116.988400     -120.246154        0.000000        0.000000        0.000000        0.000000        0.000000        0.000000        0.000000        0.000000        0.000000        0.000000        0.000000        0.000000        0.000000        0.000000        0.000000        0.000000    
 -116.489900     -119.747654        0.000000        0.000000        0.000000        0.000000        0.000000        0.000000        0.000000        0.000000        0.000000        0.000000        0.000000        0.000000        0.000000        0.000000        0.000000        0.000000    
 -115.991500     -119.249254        0.000000        0.000000        0.000000        0.000000        0.000000        0.000000        0.000000        0.000000        0.000000        0.000000        0.000000        0.000000        0.000000        0.000000        0.000000        0.000000    
 -115.493100     -118.750854        0.000000        0.000000        0.000000        0.000000        0.000000        0.000000        0.000000        0.000000        0.000000        0.000000        0.000000        0.000000        0.000000        0.000000        0.000000        0.000000    
 -114.994600     -118.252354        0.000000        0.000000        0.000000        0.000000        0.000000        0.000000        0.000000        0.000000        0.000000        0.000000        0.000000        0.000000        0.000000        0.000000        0.000000        0.000000    
 -114.496200     -117.753954        0.000000        0.000000        0.000000        0.000000        0.000000        0.000000        0.000000        0.000000        0.000000        0.000000        0.000000        0.000000        0.000000        0.000000        0.000000        0.000000    
 -113.997800     -117.255554        0.000000        0.000000        0.000000        0.000000        0.000000        0.000000        0.000000        0.000000        0.000000        0.000000        0.000000        0.000000        0.000000        0.000000        0.000000        0.000000    
 -113.499300     -116.757054        0.000000        0.000000        0.000000        0.000000        0.000000        0.000000        0.000000        0.000000        0.000000        0.000000        0.000000        0.000000        0.000000        0.000000        0.000000        0.000000    
 -113.000900     -116.258654        0.000000        0.000000        0.000000        0.000000        0.000000        0.000000        0.000000        0.000000        0.000000        0.000000        0.000000        0.000000        0.000000        0.000000        0.000000        0.000000    
 -112.502500     -115.760254        0.000000        0.000000        0.000000        0.000000        0.000000        0.000000        0.000000        0.000000        0.000000        0.000000        0.000000        0.000000        0.000000        0.000000        0.000000        0.000000    
 -112.004100     -115.261854        0.000000        0.000000        0.000000        0.000000        0.000000        0.000000        0.000000        0.000000        0.000000        0.000000        0.000000        0.000000        0.000000        0.000000        0.000000        0.000000    
 -111.505600     -114.763354        0.000000        0.000000        0.000000        0.000000        0.000000        0.000000        0.000000        0.000000        0.000000        0.000000        0.000000        0.000000        0.000000        0.000000        0.000000        0.000000    
 -111.007200     -114.264954        0.000000        0.000000        0.000000        0.000000        0.000000        0.000000        0.000000        0.000000        0.000000        0.000000        0.000000        0.000000        0.000000        0.000000        0.000000        0.000000    
 -110.508800     -113.766554        0.000000        0.000000        0.000000        0.000000        0.000000        0.000000        0.000000        0.000000        0.000000        0.000000        0.000000        0.000000        0.000000        0.000000        0.000000        0.000000    
 -110.010300     -113.268054        0.000000        0.000000        0.000000        0.000000        0.000000        0.000000        0.000000        0.000000        0.000000        0.000000        0.000000        0.000000        0.000000        0.000000        0.000000        0.000000    
 -109.511900     -112.769654        0.000000        0.000000        0.000000        0.000000        0.000000        0.000000        0.000000        0.000000        0.000000        0.000000        0.000000        0.000000        0.000000        0.000000        0.000000        0.000000    
 -109.013500     -112.271254        0.000000        0.000000        0.000000        0.000000        0.000000        0.000000        0.000000        0.000000        0.000000        0.000000        0.000000        0.000000        0.000000        0.000000        0.000000        0.000000    
 -108.515100     -111.772854        0.000000        0.000000        0.000000        0.000000        0.000000        0.000000        0.000000        0.000000        0.000000        0.000000        0.000000        0.000000        0.000000        0.000000        0.000000        0.000000    
 -108.016600     -111.274354        0.000000        0.000000        0.000000        0.000000        0.000000        0.000000        0.000000        0.000000        0.000000        0.000000        0.000000        0.000000        0.000000        0.000000        0.000000        0.000000    
 -107.518200     -110.775954        0.000000        0.000000        0.000000        0.000000        0.000000        0.000000        0.000000        0.000000        0.000000        0.000000        0.000000        0.000000        0.000000        0.000000        0.000000        0.000000    
 -107.019800     -110.277554        0.000000        0.000000        0.000000        0.000000        0.000000        0.000000        0.000000        0.000000        0.000000        0.000000        0.000000        0.000000        0.000000        0.000000        0.000000        0.000000    
 -106.521300     -109.779054        0.000000        0.000000        0.000000        0.000000        0.000000        0.000000        0.000000        0.000000        0.000000        0.000000        0.000000        0.000000        0.000000        0.000000        0.000000        0.000000    
 -106.022900     -109.280654        0.000000        0.000000        0.000000        0.000000        0.000000        0.000000        0.000000        0.000000        0.000000        0.000000        0.000000        0.000000        0.000000        0.000000        0.000000        0.000000    
 -105.524500     -108.782254        0.000000        0.000000        0.000000        0.000000        0.000000        0.000000        0.000000        0.000000        0.000000        0.000000        0.000000        0.000000        0.000000        0.000000        0.000000        0.000000    
 -105.026000     -108.283754        0.000000        0.000000        0.000000        0.000000        0.000000        0.000000        0.000000        0.000000        0.000000        0.000000        0.000000        0.000000        0.000000        0.000000        0.000000        0.000000    
 -104.527600     -107.785354        0.000000        0.000000        0.000000        0.000000        0.000000        0.000000        0.000000        0.000000        0.000000        0.000000        0.000000        0.000000        0.000000        0.000000        0.000000        0.000000    
 -104.029200     -107.286954        0.000000        0.000000        0.000000        0.000000        0.000000        0.000000        0.000000        0.000000        0.000000        0.000000        0.000000        0.000000        0.000000        0.000000        0.000000        0.000000    
 -103.530800     -106.788554        0.000000        0.000000        0.000000        0.000000        0.000000        0.000000        0.000000        0.000000        0.000000        0.000000        0.000000        0.000000        0.000000        0.000000        0.000000        0.000000    
 -103.032300     -106.290054        0.000000        0.000000        0.000000        0.000000        0.000000        0.000000        0.000000        0.000000        0.000000        0.000000        0.000000        0.000000        0.000000        0.000000        0.000000        0.000000    
 -102.533900     -105.791654        0.000000        0.000000        0.000000        0.000000        0.000000        0.000000        0.000000        0.000000        0.000000        0.000000        0.000000        0.000000        0.000000        0.000000        0.000000        0.000000    
 -102.035500     -105.293254        0.000000        0.000000        0.000000        0.000000        0.000000        0.000000        0.000000        0.000000        0.000000        0.000000        0.000000        0.000000        0.000000        0.000000        0.000000        0.000000    
 -101.537000     -104.794754        0.000000        0.000000        0.000000        0.000000        0.000000        0.000000        0.000000        0.000000        0.000000        0.000000        0.000000        0.000000        0.000000        0.000000        0.000000        0.000000    
 -101.038600     -104.296354        0.000000        0.000000        0.000000        0.000000        0.000000        0.000000        0.000000        0.000000        0.000000        0.000000        0.000000        0.000000        0.000000        0.000000        0.000000        0.000000    
 -100.540200     -103.797954        0.000000        0.000000        0.000000        0.000000        0.000000        0.000000        0.000000        0.000000        0.000000        0.000000        0.000000        0.000000        0.000000        0.000000        0.000000        0.000000    
 -100.041800     -103.299554        0.000000        0.000000        0.000000        0.000000        0.000000        0.000000        0.000000        0.000000        0.000000        0.000000        0.000000        0.000000        0.000000        0.000000        0.000000        0.000000    
  -99.543300     -102.801054        0.000000        0.000000        0.000000        0.000000        0.000000        0.000000        0.000000        0.000000        0.000000        0.000000        0.000000        0.000000        0.000000        0.000000        0.000000        0.000000    
  -99.044900     -102.302654        0.000000        0.000000        0.000000        0.000000        0.000000        0.000000        0.000000        0.000000        0.000000        0.000000        0.000000        0.000000        0.000000        0.000000        0.000000        0.000000    
  -98.546500     -101.804254        0.000000        0.000000        0.000000        0.000000        0.000000        0.000000        0.000000        0.000000        0.000000        0.000000        0.000000        0.000000        0.000000        0.000000        0.000000        0.000000    
  -98.048000     -101.305754        0.000000        0.000000        0.000000        0.000000        0.000000        0.000000        0.000000        0.000000        0.000000        0.000000        0.000000        0.000000        0.000000        0.000000        0.000000        0.000000    
  -97.549600     -100.807354        0.000000        0.000000        0.000000        0.000000        0.000000        0.000000        0.000000        0.000000        0.000000        0.000000        0.000000        0.000000        0.000000        0.000000        0.000000        0.000000    
  -97.051200     -100.308954        0.000000        0.000000        0.000000        0.000000        0.000000        0.000000        0.000000        0.000000        0.000000        0.000000        0.000000        0.000000        0.000000        0.000000        0.000000        0.000000    
  -96.552700      -99.810454        0.000000        0.000000        0.000000        0.000000        0.000000        0.000000        0.000000        0.000000        0.000000        0.000000        0.000000        0.000000        0.000000        0.000000        0.000000        0.000000    
  -96.054300      -99.312054        0.000000        0.000000        0.000000        0.000000        0.000000        0.000000        0.000000        0.000000        0.000000        0.000000        0.000000        0.000000        0.000000        0.000000        0.000000        0.000000    
  -95.555900      -98.813654        0.000000        0.000000        0.000000        0.000000        0.000000        0.000000        0.000000        0.000000        0.000000        0.000000        0.000000        0.000000        0.000000        0.000000        0.000000        0.000000    
  -95.057500      -98.315254        0.000000        0.000000        0.000000        0.000000        0.000000        0.000000        0.000000        0.000000        0.000000        0.000000        0.000000        0.000000        0.000000        0.000000        0.000000        0.000000    
  -94.559000      -97.816754        0.000000        0.000000        0.000000        0.000000        0.000000        0.000000        0.000000        0.000000        0.000000        0.000000        0.000000        0.000000        0.000000        0.000000        0.000000        0.000000    
  -94.060600      -97.318354        0.000000        0.000000        0.000000        0.000000        0.000000        0.000000        0.000000        0.000000        0.000000        0.000000        0.000000        0.000000        0.000000        0.000000        0.000000        0.000000    
  -93.562200      -96.819954        0.000000        0.000000        0.000000        0.000000        0.000000        0.000000        0.000000        0.000000        0.000000        0.000000        0.000000        0.000000        0.000000        0.000000        0.000000        0.000000    
  -93.063700      -96.321454        0.000000        0.000000        0.000000        0.000000        0.000000        0.000000        0.000000        0.000000        0.000000        0.000000        0.000000        0.000000        0.000000        0.000000        0.000000        0.000000    
  -92.565300      -95.823054        0.000000        0.000000        0.000000        0.000000        0.000000        0.000000        0.000000        0.000000        0.000000        0.000000        0.000000        0.000000        0.000000        0.000000        0.000000        0.000000    
  -92.066900      -95.324654        0.000000        0.000000        0.000000        0.000000        0.000000        0.000000        0.000000        0.000000        0.000000        0.000000        0.000000        0.000000        0.000000        0.000000        0.000000        0.000000    
  -91.568500      -94.826254        0.000000        0.000000        0.000000        0.000000        0.000000        0.000000        0.000000        0.000000        0.000000        0.000000        0.000000        0.000000        0.000000        0.000000        0.000000        0.000000    
  -91.070000      -94.327754        0.000000        0.000000        0.000000        0.000000        0.000000        0.000000        0.000000        0.000000        0.000000        0.000000        0.000000        0.000000        0.000000        0.000000        0.000000        0.000000    
  -90.571600      -93.829354        0.000000        0.000000        0.000000        0.000000        0.000000        0.000000        0.000000        0.000000        0.000000        0.000000        0.000000        0.000000        0.000000        0.000000        0.000000        0.000000    
  -90.073200      -93.330954        0.000000        0.000000        0.000000        0.000000        0.000000        0.000000        0.000000        0.000000        0.000000        0.000000        0.000000        0.000000        0.000000        0.000000        0.000000        0.000000    
  -89.574700      -92.832454        0.000000        0.000000        0.000000        0.000000        0.000000        0.000000        0.000000        0.000000        0.000000        0.000000        0.000000        0.000000        0.000000        0.000000        0.000000        0.000000    
  -89.076300      -92.334054        0.000000        0.000000        0.000000        0.000000        0.000000        0.000000        0.000000        0.000000        0.000000        0.000000        0.000000        0.000000        0.000000        0.000000        0.000000        0.000000    
  -88.577900      -91.835654        0.000000        0.000000        0.000000        0.000000        0.000000        0.000000        0.000000        0.000000        0.000000        0.000000        0.000000        0.000000        0.000000        0.000000        0.000000        0.000000    
  -88.079400      -91.337154        0.000000        0.000000        0.000000        0.000000        0.000000        0.000000        0.000000        0.000000        0.000000        0.000000        0.000000        0.000000        0.000000        0.000000        0.000000        0.000000    
  -87.581000      -90.838754        0.000000        0.000000        0.000000        0.000000        0.000000        0.000000        0.000000        0.000000        0.000000        0.000000        0.000000        0.000000        0.000000        0.000000        0.000000        0.000000    
  -87.082600      -90.340354        0.000000        0.000000        0.000000        0.000000        0.000000        0.000000        0.000000        0.000000        0.000000        0.000000        0.000000        0.000000        0.000000        0.000000        0.000000        0.000000    
  -86.584200      -89.841954        0.000000        5.356800        5.299800        5.361000        0.000000        0.000000        0.000000        0.000000        0.000000        0.000000        0.000000        0.000000        0.000000        0.000000        0.000000        0.000000    
  -86.085700      -89.343454        0.000000        0.000000        0.000000        0.000000        0.000000        0.000000        0.000000        0.000000        0.000000        0.000000        0.000000        0.000000        0.000000        0.000000        0.000000        0.000000    
  -85.587300      -88.845054        0.000000        0.000000        0.000000        0.000000        0.000000        0.000000        0.000000        0.000000        0.000000        0.000000        0.000000        0.000000        0.000000        0.000000        0.000000        0.000000    
  -85.088900      -88.346654        0.000000        0.000000        0.000000        0.000000        0.000000        0.000000        0.000000        0.000000        0.000000        0.000000        0.000000        0.000000        0.000000        0.000000        0.000000        0.000000    
  -84.590400      -87.848154        0.000000        0.000000        0.000000        0.000000        0.000000        0.000000        0.000000        0.000000        0.000000        0.000000        0.000000        0.000000        0.000000        0.000000        0.000000        0.000000    
  -84.092000      -87.349754        0.000000        0.000000        0.000000        0.000000        0.000000        0.000000        0.000000        0.000000        0.000000        0.000000        0.000000        0.000000        0.000000        0.000000        0.000000        0.000000    
  -83.593600      -86.851354        0.000000        0.000000        0.000000        0.000000        0.000000        0.000000        0.000000        0.000000        0.000000        0.000000        0.000000        0.000000        0.000000        0.000000        0.000000        0.000000    
  -83.095100      -86.352854        0.000000        0.000000        0.000000        0.000000        0.000000        0.000000        0.000000        0.000000        0.000000        0.000000        0.000000        0.000000        0.000000        0.000000        0.000000        0.000000    
  -82.596700      -85.854454        0.000000        0.000000        0.000000        0.000000        0.000000        0.000000        0.000000        0.000000        0.000000        0.000000        0.000000        0.000000        0.000000        0.000000        0.000000        0.000000    
  -82.098300      -85.356054        0.000000        0.000000        0.000000        0.000000        0.000000        0.000000        0.000000        0.000000        0.000000        0.000000        0.000000        0.000000        0.000000        0.000000        0.000000        0.000000    
  -81.599900      -84.857654        0.000000        0.000000        0.000000        0.000000        0.000000        0.000000        0.000000        0.000000        0.000000        0.000000        0.000000        0.000000        0.000000        0.000000        0.000000        0.000000    
  -81.101400      -84.359154        0.000000        0.000000        0.000000        0.000000        0.000000        0.000000        0.000000        0.000000        0.000000        0.000000        0.000000        0.000000        0.000000        0.000000        0.000000        0.000000    
  -80.603000      -83.860754        0.000000        0.000000        0.000000        0.000000        0.000000        0.000000        0.000000        0.000000        0.000000        0.000000        0.000000        0.000000        0.000000        0.000000        0.000000        0.000000    
  -80.104600      -83.362354        0.000000        0.000000        0.000000        0.000000        0.000000        0.000000        0.000000        0.000000        0.000000        0.000000        0.000000        0.000000        0.000000        0.000000        0.000000        0.000000    
  -79.606100      -82.863854        0.000000        4.331800        2.248700        4.488200        0.000000        0.000000        0.000000        0.000000        0.000000        0.000000        0.000000        0.000000        0.000000        0.000000        0.000000        0.000000    
  -79.107700      -82.365454        0.000000        0.000000        0.000000        0.000000        0.000000        0.000000        0.000000        0.000000        0.000000        0.000000        0.000000        0.000000        0.000000        0.000000        0.000000        0.000000    
  -78.609300      -81.867054        0.000000        0.000000        0.000000        0.000000        0.000000        0.000000        0.000000        0.000000        0.000000        0.000000        0.000000        0.000000        0.000000        0.000000        0.000000        0.000000    
  -78.110900      -81.368654        0.000000        0.000000        0.000000        0.000000        0.000000        0.000000        0.000000        0.000000        0.000000        0.000000        0.000000        0.000000        0.000000        0.000000        0.000000        0.000000    
  -77.612400      -80.870154        0.000000        0.000000        0.000000        0.000000        0.000000        0.000000        0.000000        0.000000        0.000000        0.000000        0.000000        0.000000        0.000000        0.000000        0.000000        0.000000    
  -77.114000      -80.371754        0.000000        0.000000        0.000000        0.000000        0.000000        0.000000        0.000000        0.000000        0.000000        0.000000        0.000000        0.000000        0.000000        0.000000        0.000000        0.000000    
  -76.615600      -79.873354        0.000000        0.000000        0.000000        0.000000        0.000000        0.000000        0.000000        0.000000        0.000000        0.000000        0.000000        0.000000        0.000000        0.000000        0.000000        0.000000    
  -76.117100      -79.374854        0.000000        0.000000        0.000000        0.000000        0.000000        0.000000        0.000000        0.000000        0.000000        0.000000        0.000000        0.000000        0.000000        0.000000        0.000000        0.000000    
  -75.618700      -78.876454        0.000000        0.000000        0.000000        0.000000        0.000000        0.000000        0.000000        0.000000        0.000000        0.000000        0.000000        0.000000        0.000000        0.000000        0.000000        0.000000    
  -75.120300      -78.378054        0.000000        0.000000        0.000000        0.000000        0.000000        0.000000        0.000000        0.000000        0.000000        0.000000        0.000000        0.000000        0.000000        0.000000        0.000000        0.000000    
  -74.621800      -77.879554        0.000000        0.000000        0.000000        0.000000        0.000000        0.000000        0.000000        0.000000        0.000000        0.000000        0.000000        0.000000        0.000000        0.000000        0.000000        0.000000    
  -74.123400      -77.381154        0.000000        0.000000        0.000000        0.000000        0.000000        0.000000        0.000000        0.000000        0.000000        0.000000        0.000000        0.000000        0.000000        0.000000        0.000000        0.000000    
  -73.625000      -76.882754        0.000000        0.000000        0.000000        0.000000        0.000000        0.000000        0.000000        0.000000        0.000000        0.000000        0.000000        0.000000        0.000000        0.000000        0.000000        0.000000    
  -73.126600      -76.384354        0.000000        0.000000        0.000000        0.000000        0.000000        0.000000        0.000000        0.000000        0.000000        0.000000        0.000000        0.000000        0.000000        0.000000        0.000000        0.000000    
  -72.628100      -75.885854        0.000000        0.000000        0.000000        0.000000        0.000000        0.000000        0.000000        0.000000        0.000000        0.000000        0.000000        0.000000        0.000000        0.000000        0.000000        0.000000    
  -72.129700      -75.387454        0.000000        0.000000        0.000000        0.000000        0.000000        0.000000        0.000000        0.000000        0.000000        0.000000        0.000000        0.000000        0.000000        0.000000        0.000000        0.000000    
  -71.631300      -74.889054        0.000000        0.000000        0.000000        0.000000        0.000000        0.000000        0.000000        0.000000        0.000000        0.000000        0.000000        0.000000        0.000000        0.000000        0.000000        0.000000    
  -71.132800      -74.390554        0.000000        0.000000        0.000000        0.000000        0.000000        0.000000        0.000000        0.000000        0.000000        0.000000        0.000000        0.000000        0.000000        0.000000        0.000000        0.000000    
  -70.634400      -73.892154        0.000000        0.000000        0.000000        0.000000        0.000000        0.000000        0.000000        0.000000        0.000000        0.000000        0.000000        0.000000        0.000000        0.000000        0.000000        0.000000    
  -70.136000      -73.393754        0.000000        0.000000        0.000000        0.000000        0.000000        0.000000        0.000000        0.000000        0.000000        0.000000        0.000000        0.000000        0.000000        0.000000        0.000000        0.000000    
  -69.637600      -72.895354        0.000000        0.000000        0.000000        0.000000        0.000000        0.000000        0.000000        0.000000        0.000000        0.000000        0.000000        0.000000        0.000000        0.000000        0.000000        0.000000    
  -69.139100      -72.396854        0.000000        0.000000        0.000000        0.000000        0.000000        0.000000        0.000000        0.000000        0.000000        0.000000        0.000000        0.000000        0.000000        0.000000        0.000000        0.000000    
  -68.640700      -71.898454        0.000000        0.000000        0.000000        0.000000        0.000000        0.000000        0.000000        0.000000        0.000000        0.000000        0.000000        0.000000        0.000000        0.000000        0.000000        0.000000    
  -68.142300      -71.400054        0.000000        0.000000        0.000000        0.000000        0.000000        0.000000        0.000000        0.000000        0.000000        0.000000        0.000000        0.000000        0.000000        0.000000        0.000000        0.000000    
  -67.643800      -70.901554        0.000000        0.000000        0.000000        0.000000        0.000000        0.000000        0.000000        0.000000        0.000000        0.000000        0.000000        0.000000        0.000000        0.000000        0.000000        0.000000    
  -67.145400      -70.403154        0.000000        0.000000        0.000000        0.000000        0.000000        0.000000        0.000000        0.000000        0.000000        0.000000        0.000000        0.000000        0.000000        0.000000        0.000000        0.000000    
  -66.647000      -69.904754        0.000000        0.000000        0.000000        0.000000        0.000000        0.000000        0.000000        0.000000        0.000000        0.000000        0.000000        0.000000        0.000000        0.000000        0.000000        0.000000    
  -66.148500      -69.406254        0.000000        0.000000        0.000000        0.000000        0.000000        0.000000        0.000000        0.000000        0.000000        0.000000        0.000000        0.000000        0.000000        0.000000        0.000000        0.000000    
  -65.650100      -68.907854        0.000000        0.000000        0.000000        0.000000        0.000000        0.000000        0.000000        0.000000        0.000000        0.000000        0.000000        0.000000        0.000000        0.000000        0.000000        0.000000    
  -65.151700      -68.409454        0.000000        0.000000        0.000000        0.000000        0.000000        0.000000        0.000000        0.000000        0.000000        0.000000        0.000000        0.000000        0.000000        0.000000        0.000000        0.000000    
  -64.653300      -67.911054        0.000000        0.000000        0.000000        0.000000        0.000000        0.000000        0.000000        0.000000        0.000000        0.000000        0.000000        0.000000        0.000000        0.000000        0.000000        0.000000    
  -64.154800      -67.412554        0.000000        0.000000        0.000000        0.000000        0.000000        0.000000        0.000000        0.000000        0.000000        0.000000        0.000000        0.000000        0.000000        0.000000        0.000000        0.000000    
  -63.656400      -66.914154        0.000000        0.000000        0.000000        0.000000        0.000000        0.000000        0.000000        0.000000        0.000000        0.000000        0.000000        0.000000        0.000000        0.000000        0.000000        0.000000    
  -63.158000      -66.415754        0.000000        0.000000        0.000000        0.000000        0.000000        0.000000        0.000000        0.000000        0.000000        0.000000        0.000000        0.000000        0.000000        0.000000        0.000000        0.000000    
  -62.659500      -65.917254        0.000000        0.000000        0.000000        0.000000        0.000000        0.000000        0.000000        0.000000        0.000000        0.000000        0.000000        0.000000        0.000000        0.000000        0.000000        0.000000    
  -62.161100      -65.418854        0.000000        0.000000        0.000000        0.000000        0.000000        0.000000        0.000000        0.000000        0.000000        0.000000        0.000000        0.000000        0.000000        0.000000        0.000000        0.000000    
  -61.662700      -64.920454        0.000000        0.000000        0.000000        0.000000        0.000000        0.000000        0.000000        0.000000        0.000000        0.000000        0.000000        0.000000        0.000000        0.000000        0.000000        0.000000    
  -61.164300      -64.422054        0.000000        0.000000        0.000000        0.000000        0.000000        0.000000        0.000000        0.000000        0.000000        0.000000        0.000000        0.000000        0.000000        0.000000        0.000000        0.000000    
  -60.665800      -63.923554        0.000000        0.000000        0.000000        0.000000        0.000000        0.000000        0.000000        0.000000        0.000000        0.000000        0.000000        0.000000        0.000000        0.000000        0.000000        0.000000    
  -60.167400      -63.425154        0.000000        0.000000        0.000000        0.000000        0.000000        0.000000        0.000000        0.000000        0.000000        0.000000        0.000000        0.000000        0.000000        0.000000        0.000000        0.000000    
  -59.669000      -62.926754        0.000000        0.000000        0.000000        0.000000        0.000000        0.000000        0.000000        0.000000        0.000000        0.000000        0.000000        0.000000        0.000000        0.000000        0.000000        0.000000    
  -59.170500      -62.428254        0.000000        0.000000        0.000000        0.000000        0.000000        0.000000        0.000000        0.000000        0.000000        0.000000        0.000000        0.000000        0.000000        0.000000        0.000000        0.000000    
  -58.672100      -61.929854        0.000000        0.000000        0.000000        0.000000        0.000000        0.000000        0.000000        0.000000        0.000000        0.000000        0.000000        0.000000        0.000000        0.000000        0.000000        0.000000    
  -58.173700      -61.431454        0.000000        0.000000        0.000000        0.000000        0.000000        0.000000        0.000000        0.000000        0.000000        0.000000        0.000000        0.000000        0.000000        0.000000        0.000000        0.000000    
  -57.675200      -60.932954        0.000000        0.000000        0.000000        0.000000        0.000000        0.000000        0.000000        0.000000        0.000000        0.000000        0.000000        0.000000        0.000000        0.000000        0.000000        0.000000    
  -57.176800      -60.434554        0.000000        0.000000        0.000000        0.000000        0.000000        0.000000        0.000000        0.000000        0.000000        0.000000        0.000000        0.000000        0.000000        0.000000        0.000000        0.000000    
  -56.678400      -59.936154        0.000000        0.000000        0.000000        0.000000        0.000000        0.000000        0.000000        0.000000        0.000000        0.000000        0.000000        0.000000        0.000000        0.000000        0.000000        0.000000    
  -56.180000      -59.437754        0.000000        0.000000        0.000000        0.000000        0.000000        0.000000        0.000000        0.000000        0.000000        0.000000        0.000000        0.000000        0.000000        0.000000        0.000000        0.000000    
  -55.681500      -58.939254        0.000000        0.000000        0.000000        0.000000        0.000000        0.000000        0.000000        0.000000        0.000000        0.000000        0.000000        0.000000        0.000000        0.000000        0.000000        0.000000    
  -55.183100      -58.440854        0.000000        0.000000        0.000000        0.000000        0.000000        0.000000        0.000000        0.000000        0.000000        0.000000        0.000000        0.000000        0.000000        0.000000        0.000000        0.000000    
  -54.684700      -57.942454        0.000000        0.000000        0.000000        0.000000        0.000000        0.000000        0.000000        0.000000        0.000000        0.000000        0.000000        0.000000        0.000000        0.000000        0.000000        0.000000    
  -54.186200      -57.443954        0.000000        0.000000        0.000000        0.000000        0.000000        0.000000        0.000000        0.000000        0.000000        0.000000        0.000000        0.000000        0.000000        0.000000        0.000000        0.000000    
  -53.687800      -56.945554        0.000000        0.000000        0.000000        0.000000        0.000000        0.000000        0.000000        0.000000        0.000000        0.000000        0.000000        0.000000        0.000000        0.000000        0.000000        0.000000    
  -53.189400      -56.447154        0.000000        0.000000        0.000000        0.000000        0.000000        0.000000        0.000000        0.000000        0.000000        0.000000        0.000000        0.000000        0.000000        0.000000        0.000000        0.000000    
  -52.691000      -55.948754        0.000000        0.000000        0.000000        0.000000        0.000000        0.000000        0.000000        0.000000        0.000000        0.000000        0.000000        0.000000        0.000000        0.000000        0.000000        0.000000    
  -52.192500      -55.450254        0.000000        0.000000        0.000000        0.000000        0.000000        0.000000        0.000000        0.000000        0.000000        0.000000        0.000000        0.000000        0.000000        0.000000        0.000000        0.000000    
  -51.694100      -54.951854        0.000000        0.000000        0.000000        0.000000        0.000000        0.000000        0.000000        0.000000        0.000000        0.000000        0.000000        0.000000        0.000000        0.000000        0.000000        0.000000    
  -51.195700      -54.453454        0.000000        0.000000        0.000000        0.000000        0.000000        0.000000        0.000000        0.000000        0.000000        0.000000        0.000000        0.000000        0.000000        0.000000        0.000000        0.000000    
  -50.697200      -53.954954        0.000000        0.000000        0.000000        0.000000        0.000000        0.000000        0.000000        0.000000        0.000000        0.000000        0.000000        0.000000        0.000000        0.000000        0.000000        0.000000    
  -50.198800      -53.456554        0.000000        0.000000        0.000000        0.000000        0.000000        0.000000        0.000000        0.000000        0.000000        0.000000        0.000000        0.000000        0.000000        0.000000        0.000000        0.000000    
  -49.700400      -52.958154        0.000000        0.000000        0.000000        0.000000        0.000000        0.000000        0.000000        0.000000        0.000000        0.000000        0.000000        0.000000        0.000000        0.000000        0.000000        0.000000    
  -49.201900      -52.459654        0.000000        0.000000        0.000000        0.000000        0.000000        0.000000        0.000000        0.000000        0.000000        0.000000        0.000000        0.000000        0.000000        0.000000        0.000000        0.000000    
  -48.703500      -51.961254        0.000000        0.000000        0.000000        0.000000        0.000000        0.000000        0.000000        0.000000        0.000000        0.000000        0.000000        0.000000        0.000000        0.000000        0.000000        0.000000    
  -48.205100      -51.462854        0.000000        0.000000        0.000000        0.000000        0.000000        0.000000        0.000000        0.000000        0.000000        0.000000        0.000000        0.000000        0.000000        0.000000        0.000000        0.000000    
  -47.706700      -50.964454        0.000000        0.000000        0.000000        0.000000        0.000000        0.000000        0.000000        0.000000        0.000000        0.000000        0.000000        0.000000        0.000000        0.000000        0.000000        0.000000    
  -47.208200      -50.465954        0.000000        0.000000        0.000000        0.000000        0.000000        0.000000        0.000000        0.000000        0.000000        0.000000        0.000000        0.000000        0.000000        0.000000        0.000000        0.000000    
  -46.709800      -49.967554        0.000000        0.000000        0.000000        0.000000        0.000000        0.000000        0.000000        0.000000        0.000000        0.000000        0.000000        0.000000        0.000000        0.000000        0.000000        0.000000    
  -46.211400      -49.469154        0.000000        0.000000        0.000000        0.000000        0.000000        0.000000        0.000000        0.000000        0.000000        0.000000        0.000000        0.000000        0.000000        0.000000        0.000000        0.000000    
  -45.712900      -48.970654        0.000000        0.000000        0.000000        0.000000        0.000000        0.000000        0.000000        0.000000        0.000000        0.000000        0.000000        0.000000        0.000000        0.000000        0.000000        0.000000    
  -45.214500      -48.472254        0.000000        0.000000        0.000000        0.000000        0.000000        0.000000        0.000000        0.000000        0.000000        0.000000        0.000000        0.000000        0.000000        0.000000        0.000000        0.000000    
  -44.716100      -47.973854        0.000000        0.000000        0.000000        0.000000        0.000000        0.000000        0.000000        0.000000        0.000000        0.000000        0.000000        0.000000        0.000000        0.000000        0.000000        0.000000    
  -44.217700      -47.475454        0.000000        0.000000        0.000000        0.000000        0.000000        0.000000        0.000000        0.000000        0.000000        0.000000        0.000000        0.000000        0.000000        0.000000        0.000000        0.000000    
  -43.719200      -46.976954        0.000000        0.000000        0.000000        0.000000        0.000000        0.000000        0.000000        0.000000        0.000000        0.000000        0.000000        0.000000        0.000000        0.000000        0.000000        0.000000    
  -43.220800      -46.478554        0.000000        0.000000        0.000000        0.000000        0.000000        0.000000        0.000000        0.000000        0.000000        0.000000        0.000000        0.000000        0.000000        0.000000        0.000000        0.000000    
  -42.722400      -45.980154        0.000000        0.000000        0.000000        0.000000        0.000000        0.000000        0.000000        0.000000        0.000000        0.000000        0.000000        0.000000        0.000000        0.000000        0.000000        0.000000    
  -42.223900      -45.481654        0.000000        0.000000        0.000000        0.000000        0.000000        0.000000        0.000000        0.000000        0.000000        0.000000        0.000000        0.000000        0.000000        0.000000        0.000000        0.000000    
  -41.725500      -44.983254        0.000000        0.000000        0.000000        0.000000        0.000000        0.000000        0.000000        0.000000        0.000000        0.000000        0.000000        0.000000        0.000000        0.000000        0.000000        0.000000    
  -41.227100      -44.484854        0.000000        0.000000        0.000000        0.000000        0.000000        0.000000        0.000000        0.000000        0.000000        0.000000        0.000000        0.000000        0.000000        0.000000        0.000000        0.000000    
  -40.728600      -43.986354        0.000000        0.000000        0.000000        0.000000        0.000000        0.000000        0.000000        0.000000        0.000000        0.000000        0.000000        0.000000        0.000000        0.000000        0.000000        0.000000    
  -40.230200      -43.487954        0.000000        0.000000        0.000000        0.000000        0.000000        0.000000        0.000000        0.000000        0.000000        0.000000        0.000000        0.000000        0.000000        0.000000        0.000000        0.000000    
  -39.731800      -42.989554        0.000000        0.000000        0.000000        0.000000        0.000000        0.000000        0.000000        0.000000        0.000000        0.000000        0.000000        0.000000        0.000000        0.000000        0.000000        0.000000    
  -39.233400      -42.491154        0.000000        0.000000        0.000000        0.000000        0.000000        0.000000        0.000000        0.000000        0.000000        0.000000        0.000000        0.000000        0.000000        0.000000        0.000000        0.000000    
  -38.734900      -41.992654        0.000000        0.000000        0.000000        0.000000        0.000000        0.000000        0.000000        0.000000        0.000000        0.000000        0.000000        0.000000        0.000000        0.000000        0.000000        0.000000    
  -38.236500      -41.494254        0.000000        0.000000        0.000000        0.000000        0.000000        0.000000        0.000000        0.000000        0.000000        0.000000        0.000000        0.000000        0.000000        0.000000        0.000000        0.000000    
  -37.738100      -40.995854        0.000000        0.000000        0.000000        0.000000        0.000000        0.000000        0.000000        0.000000        0.000000        0.000000        0.000000        0.000000        0.000000        0.000000        0.000000        0.000000    
  -37.239600      -40.497354        0.000000        0.000000        0.000000        0.000000        0.000000        0.000000        0.000000        0.000000        0.000000        0.000000        0.000000        0.000000        0.000000        0.000000        0.000000        0.000000    
  -36.741200      -39.998954        0.000000        0.000000        0.000000        0.000000        0.000000        0.000000        0.000000        0.000000        0.000000        0.000000        0.000000        0.000000        0.000000        0.000000        0.000000        0.000000    
  -36.242800      -39.500554        0.000000        0.000000        0.000000        0.000000        0.000000        0.000000        0.000000        0.000000        0.000000        0.000000        0.000000        0.000000        0.000000        0.000000        0.000000        0.000000    
  -35.744400      -39.002154        0.000000        0.000000        0.000000        0.000000        0.000000        0.000000        0.000000        0.000000        0.000000        0.000000        0.000000        0.000000        0.000000        0.000000        0.000000        0.000000    
  -35.245900      -38.503654        0.000000        0.000000        0.000000        0.000000        0.000000        0.000000        0.000000        0.000000        0.000000        0.000000        0.000000        0.000000        0.000000        0.000000        0.000000        0.000000    
  -34.747500      -38.005254        0.000000        0.000000        0.000000        0.000000        0.000000        0.000000        0.000000        0.000000        0.000000        0.000000        0.000000        0.000000        0.000000        0.000000        0.000000        0.000000    
  -34.249100      -37.506854        0.000000        0.000000        0.000000        0.000000        0.000000        0.000000        0.000000        0.000000        0.000000        0.000000        0.000000        0.000000        0.000000        0.000000        0.000000        0.000000    
  -33.750600      -37.008354        0.000000        0.000000        0.000000        0.000000        0.000000        0.000000        0.000000        0.000000        0.000000        0.000000        0.000000        0.000000        0.000000        0.000000        0.000000        0.000000    
  -33.252200      -36.509954        0.000000        0.000000        0.000000        0.000000        0.000000        0.000000        0.000000        0.000000        0.000000        0.000000        0.000000        0.000000        0.000000        0.000000        0.000000        0.000000    
  -32.753800      -36.011554        0.000000        0.000000        0.000000        0.000000        0.000000        0.000000        0.000000        0.000000        0.000000        0.000000        0.000000        0.000000        0.000000        0.000000        0.000000        0.000000    
  -32.255300      -35.513054        0.000000        0.000000        0.000000        0.000000        0.000000        0.000000        0.000000        0.000000        0.000000        0.000000        0.000000        0.000000        0.000000        0.000000        0.000000        0.000000    
  -31.756900      -35.014654        0.000000        0.000000        0.000000        0.000000        0.000000        0.000000        0.000000        0.000000        0.000000        0.000000        0.000000        0.000000        0.000000        0.000000        0.000000        0.000000    
  -31.258500      -34.516254        0.000000        0.000000        0.000000        0.000000        0.000000        0.000000        0.000000        0.000000        0.000000        0.000000        0.000000        0.000000        0.000000        0.000000        0.000000        0.000000    
  -30.760100      -34.017854        0.000000        0.000000        0.000000        0.000000        0.000000        0.000000        0.000000        0.000000        0.000000        0.000000        0.000000        0.000000        0.000000        0.000000        0.000000        0.000000    
  -30.261600      -33.519354        0.000000        0.000000        0.000000        0.000000        0.000000        0.000000        0.000000        0.000000        0.000000        0.000000        0.000000        0.000000        0.000000        0.000000        0.000000        0.000000    
  -29.763200      -33.020954        0.000000        0.000000        0.000000        0.000000        0.000000        0.000000        0.000000        0.000000        0.000000        0.000000        0.000000        0.000000        0.000000        0.000000        0.000000        0.000000    
  -29.264800      -32.522554        0.000000        0.000000        0.000000        0.000000        0.000000        0.000000        0.000000        0.000000        0.000000        0.000000        0.000000        0.000000        0.000000        0.000000        0.000000        0.000000    
  -28.766300      -32.024054        0.000000        0.000000        0.000000        0.000000        0.000000        0.000000        0.000000        0.000000        0.000000        0.000000        0.000000        0.000000        0.000000        0.000000        0.000000        0.000000    
  -28.267900      -31.525654        0.000000        0.000000        0.000000        0.000000        0.000000        0.000000        0.000000        0.000000        0.000000        0.000000        0.000000        0.000000        0.000000        0.000000        0.000000        0.000000    
  -27.769500      -31.027254        0.000000        0.000000        0.000000        0.000000        0.000000        0.000000        0.000000        0.000000        0.000000        0.000000        0.000000        0.000000        0.000000        0.000000        0.000000        0.000000    
  -27.271100      -30.528854        0.000000        0.000000        0.000000        0.000000        0.000000        0.000000        0.000000        0.000000        0.000000        0.000000        0.000000        0.000000        0.000000        0.000000        0.000000        0.000000    
  -26.772600      -30.030354        0.000000        0.000000        0.000000        0.000000        0.000000        0.000000        0.000000        0.000000        0.000000        0.000000        0.000000        0.000000        0.000000        0.000000        0.000000        0.000000    
  -26.274200      -29.531954        0.000000        0.000000        0.000000        0.000000        0.000000        0.000000        0.000000        0.000000        0.000000        0.000000        0.000000        0.000000        0.000000        0.000000        0.000000        0.000000    
  -25.775800      -29.033554        0.000000        0.000000        0.000000        0.000000        0.000000        0.000000        0.000000        0.000000        0.000000        0.000000        0.000000        0.000000        0.000000        0.000000        0.000000        0.000000    
  -25.277300      -28.535054        0.000000        0.000000        0.000000        0.000000        0.000000        0.000000        0.000000        0.000000        0.000000        0.000000        0.000000        0.000000        0.000000        0.000000        0.000000        0.000000    
  -24.778900      -28.036654        0.000000        0.000000        0.000000        0.000000        0.000000        0.000000        0.000000        0.000000        0.000000        0.000000        0.000000        0.000000        0.000000        0.000000        0.000000        0.000000    
  -24.280500      -27.538254        0.000000        0.000000        0.000000        0.000000        0.000000        0.000000        0.000000        0.000000        0.000000        0.000000        0.000000        0.000000        0.000000        0.000000        0.000000        0.000000    
  -23.782000      -27.039754        0.000000        0.000000        0.000000        0.000000        0.000000        0.000000        0.000000        0.000000        0.000000        0.000000        0.000000        0.000000        0.000000        0.000000        0.000000        0.000000    
  -23.283600      -26.541354        0.000000        0.000000        0.000000        0.000000        0.000000        0.000000        0.000000        0.000000        0.000000        0.000000        0.000000        0.000000        0.000000        0.000000        0.000000        0.000000    
  -22.785200      -26.042954        0.000000        0.000000        0.000000        0.000000        0.000000        0.000000        0.000000        0.000000        0.000000        0.000000        0.000000        0.000000        0.000000        0.000000        0.000000        0.000000    
  -22.286800      -25.544554        0.000000        0.000000        0.000000        0.000000        0.000000        0.000000        0.000000        0.000000        0.000000        0.000000        0.000000        0.000000        0.000000        0.000000        0.000000        0.000000    
  -21.788300      -25.046054        0.000000        0.000000        0.000000        0.000000        0.000000        0.000000        0.000000        0.000000        0.000000        0.000000        0.000000        0.000000        0.000000        0.000000        0.000000        0.000000    
  -21.289900      -24.547654        0.000000        0.000000        0.000000        0.000000        0.000000        0.000000        0.000000        0.000000        0.000000        0.000000        0.000000        0.000000        0.000000        0.000000        0.000000        0.000000    
  -20.791500      -24.049254        0.000000        0.000000        0.000000        0.000000        0.000000        0.000000        0.000000        0.000000        0.000000        0.000000        0.000000        0.000000        0.000000        0.000000        0.000000        0.000000    
  -20.293000      -23.550754        0.000000        0.000000        0.000000        0.000000        0.000000        0.000000        0.000000        0.000000        0.000000        0.000000        0.000000        0.000000        0.000000        0.000000        0.000000        0.000000    
  -19.794600      -23.052354        0.000000        0.000000        0.000000        0.000000        0.000000        0.000000        0.000000        0.000000        0.000000        0.000000        0.000000        0.000000        0.000000        0.000000        0.000000        0.000000    
  -19.296200      -22.553954        0.000000        0.000000        0.000000        0.000000        0.000000        0.000000        0.000000        0.000000        0.000000        0.000000        0.000000        0.000000        0.000000        0.000000        0.000000        0.000000    
  -18.797700      -22.055454        0.006300        0.001000        0.001200        0.001100        4.064400        2.440000        2.254500        2.732900        3.933300        0.000000        0.000000        0.000000        0.000000        0.000000        0.000000        0.000000    
  -18.299300      -21.557054        0.000000        0.000000        0.000000        0.000000        0.000000        0.000000        0.000000        0.000000        0.000000        0.000000        0.000000        0.000000        0.000000        0.000000        0.000000        0.000000    
  -17.800900      -21.058654        0.005200        0.000700        0.000400        0.000700        2.481500        0.805500        0.836200        0.975300        2.178000        0.000000        0.000000        0.000000        0.000000        0.000000        0.000000        0.000000    
  -17.302500      -20.560254        0.000000        0.000000        0.000000        0.000000        0.000000        0.000000        0.000000        0.000000        0.000000        0.000000        0.000000        0.000000        0.000000        0.000000        0.000000        0.000000    
  -16.804000      -20.061754        0.000000        0.000000        0.000000        0.000000        0.000000        0.000000        0.000000        0.000000        0.000000        0.000000        0.000000        0.000000        0.000000        0.000000        0.000000        0.000000    
  -16.305600      -19.563354        0.000000        0.000000        0.000000        0.000000        0.000000        0.000000        0.000000        0.000000        0.000000        0.000000        0.000000        0.000000        0.000000        0.000000        0.000000        0.000000    
  -15.807200      -19.064954        0.000000        0.000000        0.000000        0.000000        0.000000        0.000000        0.000000        0.000000        0.000000        0.000000        0.000000        0.000000        0.000000        0.000000        0.000000        0.000000    
  -15.308700      -18.566454        0.000000        0.000000        0.000000        0.000000        0.000000        0.000000        0.000000        0.000000        0.000000        0.000000        0.000000        0.000000        0.000000        0.000000        0.000000        0.000000    
  -14.810300      -18.068054        0.000000        0.000000        0.000000        0.000000        0.000000        0.000000        0.000000        0.000000        0.000000        0.000000        0.000000        0.000000        0.000000        0.000000        0.000000        0.000000    
  -14.311900      -17.569654        0.000000        0.000000        0.000000        0.000000        0.000000        0.000000        0.000000        0.000000        0.000000        0.000000        0.000000        0.000000        0.000000        0.000000        0.000000        0.000000    
  -13.813500      -17.071254        0.000000        0.000000        0.000000        0.000000        0.000000        0.000000        0.000000        0.000000        0.000000        0.000000        0.000000        0.000000        0.000000        0.000000        0.000000        0.000000    
  -13.315000      -16.572754        0.000000        0.000000        0.000000        0.000000        0.000000        0.000000        0.000000        0.000000        0.000000        0.000000        0.000000        0.000000        0.000000        0.000000        0.000000        0.000000    
  -12.816600      -16.074354        0.000000        0.000000        0.000000        0.000000        0.000000        0.000000        0.000000        0.000000        0.000000        0.000000        0.000000        0.000000        0.000000        0.000000        0.000000        0.000000    
  -12.318200      -15.575954        0.000000        0.000000        0.000000        0.000000        0.000000        0.000000        0.000000        0.000000        0.000000        0.000000        0.000000        0.000000        0.000000        0.000000        0.000000        0.000000    
  -11.819700      -15.077454        0.000000        0.000000        0.000000        0.000000        0.000000        0.000000        0.000000        0.000000        0.000000        0.000000        0.000000        0.000000        0.000000        0.000000        0.000000        0.000000    
  -11.321300      -14.579054        0.000000        0.000000        0.000000        0.000000        0.000000        0.000000        0.000000        0.000000        0.000000        0.000000        0.000000        0.000000        0.000000        0.000000        0.000000        0.000000    
  -10.822900      -14.080654        0.000000        0.000000        0.000000        0.000000        0.000000        0.000000        0.000000        0.000000        0.000000        0.000000        0.000000        0.000000        0.000000        0.000000        0.000000        0.000000    
  -10.324400      -13.582154        0.700400        0.002000        0.005800        0.000400        0.000000        0.000000        0.000200        0.000000        0.000000        0.000000        0.000000        0.000000        0.000000        0.000000        0.000000        0.000000    
   -9.826000      -13.083754        0.850900        0.005200        0.006400        0.002400        0.001000        0.000400        0.001400        0.000000        0.000200        0.000000        0.000000        0.000000        0.000000        0.000000        0.000000        0.000000    
   -9.327600      -12.585354        2.934900        0.016600        0.015400        0.013400        0.012700        0.002400        0.013800        0.000800        0.000800        0.000200        0.000000        0.000000        0.000200        0.000000        0.000000        0.000000    
   -8.829200      -12.086954        2.703200        0.007500        0.010200        0.010400        0.017000        0.001800        0.023600        0.000800        0.000400        0.000000        0.000000        0.000000        0.000400        0.000000        0.000000        0.000000    
   -8.330700      -11.588454        0.000000        0.000000        0.000000        0.000000        0.000000        0.000000        0.000000        0.000000        0.000000        0.000000        0.000000        0.000000        0.000000        0.000000        0.000000        0.000000    
   -7.832300      -11.090054        0.000000        0.000000        0.000000        0.000000        0.000000        0.000000        0.000000        0.000000        0.000000        0.000000        0.000000        0.000000        0.000000        0.000000        0.000000        0.000000    
   -7.333900      -10.591654        0.000000        0.000000        0.000000        0.000000        0.000000        0.000000        0.000000        0.000000        0.000000        0.000000        0.000000        0.000000        0.000000        0.000000        0.000000        0.000000    
   -6.835400      -10.093154        0.000000        0.000000        0.000000        0.000000        0.000000        0.000000        0.000000        0.000000        0.000000        0.000000        0.000000        0.000000        0.000000        0.000000        0.000000        0.000000    
   -6.337000       -9.594754        0.000000        0.000000        0.000000        0.000000        0.000000        0.000000        0.000000        0.000000        0.000000        0.000000        0.000000        0.000000        0.000000        0.000000        0.000000        0.000000    
   -5.838600       -9.096354        0.000000        0.000000        0.000000        0.000000        0.000000        0.000000        0.000000        0.000000        0.000000        0.000000        0.000000        0.000000        0.000000        0.000000        0.000000        0.000000    
   -5.340200       -8.597954        0.000000        0.000000        0.000000        0.000000        0.000000        0.000000        0.000000        0.000000        0.000000        0.000000        0.000000        0.000000        0.000000        0.000000        0.000000        0.000000    
   -4.841700       -8.099454        0.061900        0.014400        0.004600        0.000000        0.000000        0.000000        0.000200        0.000000        0.000200        0.000000        0.000000        0.000000        0.000000        0.000000        0.000000        0.000000    
   -4.343300       -7.601054        0.455500        0.038600        0.064000        0.076600        0.000400        0.000200        0.000600        0.001200        0.000600        0.000000        0.000000        0.000000        0.000000        0.000000        0.000000        0.000000    
   -3.844900       -7.102654        1.409200        0.149900        0.192000        0.222200        0.001400        0.000800        0.002800        0.001000        0.001400        0.000000        0.000000        0.000000        0.000000        0.000000        0.000000        0.000000    
   -3.346400       -6.604154        1.294700        0.172300        0.194200        0.205700        0.001600        0.001000        0.002000        0.000400        0.000800        0.000000        0.000000        0.000000        0.000000        0.000000        0.000000        0.000000    
   -2.848000       -6.105754        0.181800        0.024400        0.023300        0.020400        0.000400        0.000000        0.000400        0.000000        0.000200        0.000000        0.000000        0.000000        0.000000        0.000000        0.000000        0.000000    
   -2.349600       -5.607354        0.187800        0.018600        0.022200        0.017000        0.000400        0.000000        0.000400        0.000000        0.000000        0.000000        0.000000        0.000000        0.000000        0.000000        0.000000        0.000000    
   -1.851100       -5.108854        0.343900        0.025300        0.035400        0.011200        0.000000        0.000000        0.000400        0.000000        0.000000        0.000000        0.000000        0.000000        0.000000        0.000000        0.000000        0.000000    
   -1.352700       -4.610454        0.194200        0.265200        0.257000        0.184700        0.000600        0.001000        0.002600        0.001200        0.000200        0.000000        0.000000        0.000000        0.000000        0.000000        0.000000        0.000000    
   -0.854300       -4.112054        0.130000        0.311400        0.287200        0.317700        0.001800        0.002000        0.002600        0.003200        0.000400        0.000000        0.000000        0.000000        0.000000        0.000000        0.000000        0.000000    
   -0.355900       -3.613654        0.066600        0.613700        0.476400        0.435200        0.004400        0.002400        0.008100        0.001800        0.001800        0.000200        0.000000        0.000000        0.000400        0.000400        0.000000        0.000000    
    0.142600       -3.115154        0.118000        0.831400        0.827500        0.980500        0.011400        0.004400        0.013100        0.004400        0.003600        0.000400        0.000000        0.000200        0.000800        0.000400        0.000000        0.000800    
    0.641000       -2.616754        0.099800        0.716700        0.690000        0.711400        0.016600        0.003800        0.012200        0.003000        0.001200        0.000200        0.000200        0.000200        0.000800        0.000400        0.000000        0.000400    
    1.139400       -2.118354        0.158200        1.143700        1.148700        1.424000        0.027800        0.004400        0.014200        0.004000        0.003200        0.000800        0.000800        0.001000        0.001000        0.000800        0.000000        0.001200    
    1.637900       -1.619854        0.174100        0.325800        0.270100        0.255800        0.000800        0.001200        0.002600        0.002200        0.001000        0.000400        0.000000        0.000400        0.000200        0.000200        0.000000        0.000200    
    2.136300       -1.121454        0.470100        0.463400        0.500700        0.467600        0.002600        0.002200        0.004200        0.004200        0.001800        0.000400        0.000200        0.000400        0.000400        0.000600        0.000000        0.000200    
    2.634700       -0.623054        0.470300        0.606200        0.846700        0.197900        0.001400        0.004000        0.008000        0.001400        0.003600        0.000800        0.000000        0.000600        0.001600        0.000200        0.000200        0.000200    
    3.133100       -0.124654        0.094500        0.113800        0.021000        0.003400        0.000000        0.000400        0.001200        0.000000        0.000800        0.000000        0.000000        0.000000        0.000000        0.000000        0.000000        0.000000    
    3.631600        0.373846        0.000000        0.000000        0.000000        0.000000        0.000000        0.000000        0.000000        0.000000        0.000000        0.000000        0.000000        0.000000        0.000000        0.000000        0.000000        0.000000    
    4.130000        0.872246        0.015800        0.005200        0.010600        0.016800        0.000400        0.000000        0.000200        0.000000        0.000000        0.000000        0.000000        0.000000        0.000000        0.000000        0.000000        0.000000    
    4.628400        1.370646        0.257600        0.242700        0.160000        0.206700        0.006000        0.001000        0.003000        0.000800        0.001400        0.000400        0.000000        0.000400        0.000400        0.000000        0.000000        0.000400    
    5.126900        1.869146        0.247200        0.306500        0.166100        0.214000        0.004400        0.001400        0.004100        0.001200        0.001400        0.000600        0.000000        0.000200        0.000400        0.000200        0.000000        0.000400    
    5.625300        2.367546        0.146300        0.372300        0.202300        0.264500        0.004200        0.001600        0.006000        0.002400        0.002800        0.000400        0.000200        0.000400        0.000400        0.000400        0.000000        0.000400    
    6.123700        2.865946        0.243900        0.715200        0.612000        0.453300        0.005400        0.005900        0.010900        0.006400        0.024600        0.000800        0.000400        0.001000        0.000600        0.000600        0.000400        0.000600    
    6.622200        3.364446        0.169900        0.533200        0.467900        0.446800        0.007000        0.003400        0.008400        0.004800        0.008800        0.000600        0.000600        0.000400        0.000400        0.000600        0.000200        0.000600    
    7.120600        3.862846        0.095100        0.432000        0.287800        0.532200        0.007000        0.003900        0.004600        0.007000        0.001600        0.000400        0.000600        0.000400        0.000600        0.000800        0.000000        0.000400    
    7.619000        4.361246        0.123600        0.439600        0.564400        0.529400        0.006400        0.010200        0.008400        0.011900        0.001800        0.000600        0.000800        0.000600        0.001400        0.001200        0.000000        0.000400    
    8.117400        4.859646        0.066600        0.199100        0.198900        0.323600        0.003400        0.005800        0.002600        0.006300        0.001400        0.000400        0.000200        0.000200        0.000200        0.000400        0.000000        0.000200    
    8.615900        5.358146        0.078500        0.168500        0.534400        0.305400        0.003000        0.016000        0.004400        0.005100        0.003800        0.000800        0.000200        0.000800        0.001000        0.000400        0.000600        0.000400    
    9.114300        5.856546        0.054600        0.268800        0.161200        0.377800        0.005600        0.013600        0.005000        0.017000        0.018500        0.000800        0.000600        0.001300        0.001200        0.000600        0.001000        0.000600    
    9.612700        6.354946        0.019200        0.254100        0.082500        0.287700        0.003800        0.007600        0.004000        0.007400        0.002900        0.000600        0.000200        0.001200        0.000600        0.000600        0.000400        0.000600    
   10.111200        6.853446        0.000200        0.002100        0.000200        0.002900        0.000000        0.000000        0.000000        0.000000        0.000000        0.000000        0.000000        0.000000        0.000000        0.000000        0.000000        0.000000    
   10.609600        7.351846        0.000000        0.000000        0.000000        0.000000        0.000000        0.000000        0.000000        0.000000        0.000000        0.000000        0.000000        0.000000        0.000000        0.000000        0.000000        0.000000    
   11.108000        7.850246        0.000000        0.000000        0.000000        0.000000        0.000000        0.000000        0.000000        0.000000        0.000000        0.000000        0.000000        0.000000        0.000000        0.000000        0.000000        0.000000    
   11.606400        8.348646        0.000000        0.000000        0.000000        0.000000        0.000000        0.000000        0.000000        0.000000        0.000000        0.000000        0.000000        0.000000        0.000000        0.000000        0.000000        0.000000    
   12.104900        8.847146        0.000000        0.000000        0.000000        0.000000        0.000000        0.000000        0.000000        0.000000        0.000000        0.000000        0.000000        0.000000        0.000000        0.000000        0.000000        0.000000    
   12.603300        9.345546        0.000000        0.000000        0.000000        0.000000        0.000000        0.000000        0.000000        0.000000        0.000000        0.000000        0.000000        0.000000        0.000000        0.000000        0.000000        0.000000    
   13.101700        9.843946        0.000000        0.000000        0.000000        0.000000        0.000000        0.000000        0.000000        0.000000        0.000000        0.000000        0.000000        0.000000        0.000000        0.000000        0.000000        0.000000    
   13.600200       10.342446        0.000000        0.000000        0.000000        0.000000        0.000000        0.000000        0.000000        0.000000        0.000000        0.000000        0.000000        0.000000        0.000000        0.000000        0.000000        0.000000    
   14.098600       10.840846        0.000000        0.000000        0.000000        0.000000        0.000000        0.000000        0.000000        0.000000        0.000000        0.000000        0.000000        0.000000        0.000000        0.000000        0.000000        0.000000    
   14.597000       11.339246        0.000000        0.000000        0.000000        0.000000        0.000000        0.000000        0.000000        0.000000        0.000000        0.000000        0.000000        0.000000        0.000000        0.000000        0.000000        0.000000    
   15.095500       11.837746        0.000000        0.000000        0.000000        0.000000        0.000000        0.000000        0.000000        0.000000        0.000000        0.000000        0.000000        0.000000        0.000000        0.000000        0.000000        0.000000    
   15.593900       12.336146        0.000000        0.000000        0.000000        0.000000        0.000000        0.000000        0.000000        0.000000        0.000000        0.000000        0.000000        0.000000        0.000000        0.000000        0.000000        0.000000    
   16.092300       12.834546        0.000000        0.000000        0.000000        0.000000        0.000000        0.000000        0.000000        0.000000        0.000000        0.000000        0.000000        0.000000        0.000000        0.000000        0.000000        0.000000    
   16.590700       13.332946        0.000000        0.000000        0.000000        0.000000        0.000000        0.000000        0.000000        0.000000        0.000000        0.000000        0.000000        0.000000        0.000000        0.000000        0.000000        0.000000    
